%color1001
color1001 = ...
[ 
    058 013 096 
    101 068 150 
    151 141 190 
    198 196 223 
    235 236 242 
    252 230 201 
    253 193 117 
    228 137 030 
    181 090 006 
    127 059 008
]./255;
%color1002
color1002 = ...
[
    0.3059 0.4745 0.6549
    0.9490 0.5569 0.1686
    0.8824 0.3412 0.3490
    0.4627 0.7176 0.6980
    0.3490 0.6314 0.3098
    0.9294 0.7882 0.2824
    0.6902 0.4784 0.6314
    1.0000 0.6157 0.6549
    0.6118 0.4588 0.3725
    0.7294 0.6902 0.6745
];
%color1003
color1003 = ...
[
    "#3D3D3D" "#00743F" "#AECE34" "#F5DE24" "#F9EA72"...
    "#F6C3DB" "#CE6BA9" "#F28F24" "#CB232A" "#244C8C"...
    "#5DB9DD" "#BB6D26" "#581F0C" "#C2C4C6"
 ];
%color1004
color1004 = ...
[
    096 137 196
    135 175 211
    181 213 232
    226 241 248
    247 252 233
    254 249 198
    254 238 170
    253 217 142
    254 171 105
    252 111 063
    219 062 036
]./255;
%color1005
color1005 = ...
[
    "#AD3AB1" "#B24475" "#A654A6" "#D6AEEC" "#E191B6" ...
    "#BE95E1" "#864CBC" "#DE8CCC" "#386688" "#845D1C" ...
    "#E77F86" "#D2A62D" "#8A543C" "#D88661" "#A04D19" ...
    "#A98527" "#B4721E" "#B3726C" "#E4AE96" "#F4ACAF" ...
    "#E7AB62" "#7EDBD0" "#95D19B" "#439098" "#3D7747" ...
    "#7BDBAD" "#55A358" "#4B86C0" "#5F94B3" "#4E9D80" ...
    "#3CA222" "#2E7B29"
];
color1006 = ...
[
    "#DC143C", "#4169E1", "#DAA520", "#DAA520" ...
];















